14 3
8 6 
6 3 
0 1 

Barycentric Coordinates (Regular TRI)
 0.967000715204030  0.032999284795970 -0.000000000000000 
 0.892241736831572  0.107758263168428 -0.000000000000000 
 0.813492289919739  0.134529278310208  0.051978431770054 
 0.782617663498103  0.217382336501898  0.000000000000000 
 0.689649711405217  0.255969349544901  0.054380939049882 
 0.647879067793470  0.352120932206530  0.000000000000000 
 0.568129478199456  0.276746137539457  0.155124384261087 
 0.546996502535634  0.397935518030666  0.055067979433700 
 1.000000000000000  0.000000000000000 -0.000000000000000 
 0.908326844622856  0.045836577688572  0.045836577688572 
 0.702662749234053  0.148668625382974  0.148668625382974 
 0.500000000000000  0.500000000000000  0.000000000000000 
 0.428742602834574  0.285628698582713  0.285628698582713 
 0.421532596444406  0.421532596444405  0.156934807111189 
