16 3
10 6 
6 3 
0 1 

Barycentric Coordinates (Regular TRI)
 0.972449636111441  0.027550363888559  0.000000000000000 
 0.909639660822004  0.090360339177996  0.000000000000000 
 0.842802119001525  0.113265856007279  0.043932024991196 
 0.816438076515930  0.183561923484070  0.000000000000000 
 0.736509314169929  0.217269469378806  0.046221216451265 
 0.699765470482675  0.300234529517325 -0.000000000000000 
 0.631198683876414  0.236557090724298  0.132244225399288 
 0.611422855272680  0.341642844437815  0.046934300289505 
 0.568276466427464  0.431723533572536 -0.000000000000000 
 0.500229202824627  0.365043070483513  0.134727726691861 
 1.000000000000000  0.000000000000000 -0.000000000000000 
 0.923108349995361  0.038445825002320  0.038445825002320 
 0.748085125665815  0.125957437167092  0.125957437167092 
 0.507629835986049  0.246185082006976  0.246185082006976 
 0.476469480895514  0.476469480895514  0.047061038208973 
 0.375466302072346  0.375466302072346  0.249067395855309 
