31 2
30 3 
1 1 

Barycentric Coordinates (Regular TRI)
 1.000000000000000  0.000000000000000  0.000000000000000 
 0.976654923321082 -0.000000000000000  0.023345076678918 
 0.976654923321082  0.023345076678918  0.000000000000000 
 0.934723215664807  0.032638392167597  0.032638392167596 
 0.923173782325936  0.000000000000000  0.076826217674064 
 0.923173782325936  0.076826217674064  0.000000000000000 
 0.866075031246515  0.037289041270821  0.096635927482664 
 0.866075031246515  0.096635927482664  0.037289041270821 
 0.843094234540879  0.000000000000000  0.156905765459121 
 0.843094234540879  0.156905765459121  0.000000000000000 
 0.784596513641436  0.107701743179282  0.107701743179282 
 0.774223153554382  0.039124846097467  0.186652000348151 
 0.774223153554382  0.186652000348151  0.039124846097467 
 0.741454910545668 -0.000000000000000  0.258545089454332 
 0.741454910545668  0.258545089454332  0.000000000000000 
 0.682675248885532  0.113240050064603  0.204084701049866 
 0.682675248885532  0.204084701049866  0.113240050064603 
 0.664331325750774  0.039551411992044  0.296117262257182 
 0.664331325750774  0.296117262257182  0.039551411992044 
 0.624643465053120  0.000000000000000  0.375356534946880 
 0.624643465053120  0.375356534946880  0.000000000000000 
 0.573302758704861  0.213348620647569  0.213348620647569 
 0.566045904505112  0.115605055637307  0.318349039857580 
 0.566045904505112  0.318349039857580  0.115605055637307 
 0.542937922473763  0.039523335442601  0.417538742083636 
 0.542937922473764  0.417538742083635  0.039523335442601 
 0.500000000000000  0.000000000000000  0.500000000000000 
 0.452911692083109  0.217266033678056  0.329822274238835 
 0.452911692083109  0.329822274238835  0.217266033678056 
 0.441883725220971  0.116232549558058  0.441883725220971 
 0.333333333333333  0.333333333333333  0.333333333333333 
