21 3
14 6 
7 3 
0 1 

Barycentric Coordinates (Regular TRI)
 0.979967522633631  0.020032477366370 -0.000000000000000 
 0.933900526915174  0.066099473084826 -0.000000000000000 
 0.884285345353744  0.083343215847199  0.032371438799058 
 0.864434299545663  0.135565700454337  0.000000000000000 
 0.804096859453174  0.161708806712861  0.034194333833965 
 0.775319701464324  0.224680298535677  0.000000000000000 
 0.723728002998033  0.177636364018533  0.098635632983434 
 0.707035361850836  0.258276318888797  0.034688319260367 
 0.671362006671356  0.328637993328644  0.000000000000000 
 0.619835494875467  0.279093047447332  0.101071457677201 
 0.598002201863798  0.367339481992310  0.034658316143892 
 0.558165934441852  0.441834065558148  0.000000000000000 
 0.518106365155330  0.290857431912845  0.191036202931825 
 0.506917054609857  0.391120349493827  0.101962595896317 
 1.000000000000000  0.000000000000000 -0.000000000000000 
 0.943772409273440  0.028113795363280  0.028113795363280 
 0.813276598615292  0.093361700692354  0.093361700692354 
 0.626766310489167  0.186616844755416  0.186616844755416 
 0.482703203720500  0.482703203720500  0.034593592559000 
 0.407799931593845  0.296100034203078  0.296100034203078 
 0.403826605864997  0.403826605864997  0.192346788270006 
