40 2
40 3 
0 1 

Barycentric Coordinates (Regular TRI)
 1.000000000000000  0.000000000000000  0.000000000000000 
 0.982622963251919 -0.000000000000000  0.017377036748081 
 0.982622963251919  0.017377036748081  0.000000000000000 
 0.951130279746366  0.024434860126818  0.024434860126816 
 0.942541022111488 -0.000000000000000  0.057458977888512 
 0.942541022111488  0.057458977888512  0.000000000000000 
 0.899196397297930  0.028199587164758  0.072604015537312 
 0.899196397297930  0.072604015537312  0.028199587164758 
 0.881759844975908 -0.000000000000000  0.118240155024092 
 0.881759844975907  0.118240155024093  0.000000000000000 
 0.836957590825833  0.081521204587083  0.081521204587084 
 0.828749967310857  0.029804449002786  0.141445583686357 
 0.828749967310856  0.141445583686358  0.029804449002786 
 0.803126602734923 -0.000000000000000  0.196873397265077 
 0.803126602734923  0.196873397265077  0.000000000000000 
 0.757904515543288  0.086259869138346  0.155835615318366 
 0.757904515543288  0.155835615318366  0.086259869138346 
 0.742666420112259  0.030176624636828  0.227156955250913 
 0.742666420112260  0.227156955250913  0.030176624636828 
 0.710319027356836  0.000000000000000  0.289680972643164 
 0.710319027356836  0.289680972643164  0.000000000000000 
 0.671687149929127  0.164156425035436  0.164156425035436 
 0.665149338350193  0.088452689499305  0.246397972150502 
 0.665149338350193  0.246397972150502  0.088452689499305 
 0.644671644065635  0.030024783014378  0.325303572919987 
 0.644671644065635  0.325303572919987  0.030024783014378 
 0.607676977681897  0.000000000000000  0.392323022318103 
 0.607676977681897  0.392323022318103  0.000000000000000 
 0.573686383928502  0.168513381234996  0.257800234836502 
 0.573686383928502  0.257800234836502  0.168513381234996 
 0.562698012377997  0.089287252545699  0.348014735076305 
 0.562698012377996  0.348014735076305  0.089287252545699 
 0.539164238659039  0.029828049329391  0.431007712011570 
 0.539164238659039  0.431007712011570  0.029828049329391 
 0.500000000000000  0.000000000000000  0.500000000000000 
 0.472607641538934  0.263696179230533  0.263696179230533 
 0.468441815453215  0.170332117706294  0.361226066840490 
 0.468441815453215  0.361226066840490  0.170332117706294 
 0.455257593540919  0.089484812918162  0.455257593540919 
 0.367248483856974  0.265503032286052  0.367248483856974 
