46 2
45 3 
1 1 

Barycentric Coordinates (Regular TRI)
 1.000000000000000  0.000000000000000  0.000000000000000 
 0.984784023135109 -0.000000000000000  0.015215976864891 
 0.984784023135109  0.015215976864891  0.000000000000000 
 0.957083755870146  0.021458122064927  0.021458122064927 
 0.949600266546736 -0.000000000000000  0.050399733453264 
 0.949600266546736  0.050399733453264  0.000000000000000 
 0.911289443828126  0.024925027107340  0.063785529064534 
 0.911289443828126  0.063785529064534  0.024925027107340 
 0.896004145930907 -0.000000000000000  0.103995854069092 
 0.896004145930908  0.103995854069092  0.000000000000000 
 0.856185544919563  0.071907227540219  0.071907227540219 
 0.848882196874786  0.026506365710510  0.124611437414704 
 0.848882196874786  0.124611437414704  0.026506365710510 
 0.826194351441247 -0.000000000000000  0.173805648558753 
 0.826194351441246  0.173805648558754  0.000000000000000 
 0.785863545317924  0.076387938128393  0.137748516553683 
 0.785863545317924  0.137748516553683  0.076387938128393 
 0.772074940000756  0.026945255691398  0.200979804307846 
 0.772074940000756  0.200979804307846  0.026945255691398 
 0.743029710943569 -0.000000000000000  0.256970289056431 
 0.743029710943569  0.256970289056431  0.000000000000000 
 0.708778264925308  0.145610867537346  0.145610867537346 
 0.702694043051954  0.078557124443672  0.218748832504374 
 0.702694043051954  0.218748832504374  0.078557124443672 
 0.683755416073633  0.026830576418515  0.289414007507852 
 0.683755416073633  0.289414007507852  0.026830576418515 
 0.649915234450382  0.000000000000000  0.350084765549618 
 0.649915234450382  0.350084765549618  0.000000000000000 
 0.620320770993741  0.149950554922822  0.229728674083438 
 0.620320770993741  0.229728674083438  0.149950554922822 
 0.609754497441203  0.079430520116630  0.310814982442168 
 0.609754497441203  0.310814982442168  0.079430520116630 
 0.587365884207605  0.026589205549830  0.386044910242565 
 0.587365884207605  0.386044910242565  0.026589205549830 
 0.550663136760975 -0.000000000000000  0.449336863239025 
 0.550663136760975  0.449336863239025  0.000000000000000 
 0.528160305344690  0.235919847327655  0.235919847327655 
 0.523936449022614  0.152039691614610  0.324023859362776 
 0.523936449022614  0.324023859362776  0.152039691614610 
 0.510699071139848  0.079694306414778  0.409606622445375 
 0.510699071139848  0.409606622445375  0.079694306414778 
 0.486760071714257  0.026479856571486  0.486760071714257 
 0.430214190706247  0.238674577415240  0.331111231878514 
 0.430214190706247  0.331111231878514  0.238674577415240 
 0.423675063618173  0.152649872763654  0.423675063618173 
 0.333333333333333  0.333333333333333  0.333333333333333 
