30 3
21 6 
9 3 
0 1 

Barycentric Coordinates (Regular TRI)
 0.986566088315710  0.013433911684291  0.000000000000000 
 0.955439997957787  0.044560002042213  0.000000000000000 
 0.921442914787888  0.056478175148310  0.022078910063801 
 0.907848125610885  0.092151874389115 -0.000000000000000 
 0.865873092541117  0.110632353391590  0.023494554067293 
 0.845514490313842  0.154485509686158  0.000000000000000 
 0.809636760371396  0.122541474790494  0.067821764838111 
 0.797063017465530  0.179087281807942  0.023849700726528 
 0.770692699665051  0.229307300334949 -0.000000000000000 
 0.734836841721162  0.195410627177678  0.069752531101160 
 0.717273672210050  0.259068469884750  0.023657857905201 
 0.686087216782739  0.313912783217261  0.000000000000000 
 0.660503200619129  0.205707451153269  0.133789348227602 
 0.650434006937600  0.279091486879531  0.070474506182869 
 0.629226182739881  0.347463792442000  0.023310024818119 
 0.594755986759159  0.405244013240841  0.000000000000000 
 0.572300949582763  0.291874144671299  0.135824905745939 
 0.559297884641410  0.370059122880269  0.070642992478322 
 0.536001601538561  0.440928626929520  0.023069771531919 
 0.485802916460336  0.299322413395132  0.214874670144532 
 0.479051289954034  0.384304256141369  0.136644453904596 
 1.000000000000000  0.000000000000000 -0.000000000000000 
 0.962054889645576  0.018972555177215  0.018972555177209 
 0.872444921991756  0.063777539004122  0.063777539004122 
 0.740498995920427  0.129750502039786  0.129750502039786 
 0.576472145453947  0.211763927273027  0.211763927273027 
 0.500000000000000  0.500000000000000  0.000000000000000 
 0.464672573460369  0.464672573460369  0.070654853079262 
 0.394554787185383  0.302722606407309  0.302722606407309 
 0.392087992985507  0.392087992985507  0.215824014028987 
