15 2
15 3 
0 1 

Barycentric Coordinates (Regular TRI)
 1.000000000000000  0.000000000000000  0.000000000000000 
 0.949878997705730 -0.000000000000000  0.050121002294270 
 0.949878997705730  0.050121002294270  0.000000000000000 
 0.861819860276539  0.069090069861730  0.069090069861730 
 0.838593139755369  0.000000000000000  0.161406860244631 
 0.838593139755369  0.161406860244631  0.000000000000000 
 0.723213555147770  0.078058196210729  0.198728248641501 
 0.723213555147771  0.198728248641501  0.078058196210729 
 0.681558731913089  0.000000000000000  0.318441268086911 
 0.681558731913089  0.318441268086911  0.000000000000000 
 0.566537963017939  0.216731018491031  0.216731018491031 
 0.550945780856949  0.081416119107339  0.367638100035712 
 0.550945780856949  0.367638100035712  0.081416119107339 
 0.500000000000000  0.000000000000000  0.500000000000000 
 0.389005809126949  0.221988381746101  0.389005809126949 
