19 2
18 3 
1 1 

Barycentric Coordinates (Regular TRI)
 1.000000000000000  0.000000000000000  0.000000000000000 
 0.959766954083229  0.000000000000000  0.040233045916771 
 0.959766954083229  0.040233045916771  0.000000000000000 
 0.888511356254117  0.055744321872941  0.055744321872941 
 0.869386932552752 -0.000000000000000  0.130613067447248 
 0.869386932552752  0.130613067447248  0.000000000000000 
 0.774627216487674  0.063288094133481  0.162084689378845 
 0.774627216487674  0.162084689378845  0.063288094133481 
 0.738962474905222  0.000000000000000  0.261037525094778 
 0.738962474905222  0.261037525094778  0.000000000000000 
 0.643273196352075  0.178363401823963  0.178363401823962 
 0.628935035263256  0.066372381175690  0.304692583561054 
 0.628935035263256  0.304692583561054  0.066372381175691 
 0.582639478833193  0.000000000000000  0.417360521166807 
 0.582639478833193  0.417360521166807  0.000000000000000 
 0.488229189020816  0.185067879630320  0.326702931348863 
 0.488229189020816  0.326702931348863  0.185067879630320 
 0.466421351589290  0.067157296821421  0.466421351589290 
 0.333333333333333  0.333333333333333  0.333333333333333 
