15 2
15 3 
0 1 

Barycentric Coordinates (Regular TRI)
 0.962901916642929  0.000038840965181  0.037059242391890 
 0.962901916642929  0.037059242391890  0.000038840965181 
 0.895845867331362  0.052077066334319  0.052077066334319 
 0.834688090615778  0.017063787772804  0.148248121611418 
 0.834688090615778  0.148248121611418  0.017063787772804 
 0.772586942778008  0.113706528610996  0.113706528610996 
 0.707247992654248  0.082540378507182  0.210211628838570 
 0.707247992654248  0.210211628838570  0.082540378507182 
 0.674006111412898  0.017033768093922  0.308960120493180 
 0.674006111412898  0.308960120493180  0.017033768093922 
 0.565662308452164  0.217168845773918  0.217168845773918 
 0.541948958822830  0.097726864337849  0.360324176839321 
 0.541948958822830  0.360324176839321  0.097726864337849 
 0.489925932913270  0.020148134173460  0.489925932913270 
 0.386072774361323  0.227854451277354  0.386072774361323 

Weights
 0.003798185869020 
 0.003798185869020 
 0.022908062533807 
 0.020676846847611 
 0.020676846847611 
 0.030095793777095 
 0.042778054953194 
 0.042778054953194 
 0.026738567510536 
 0.026738567510536 
 0.081879373417768 
 0.064935837971219 
 0.064935837971219 
 0.032809514388028 
 0.091802538769770 
