14 2
14 3 
0 1 

Barycentric Coordinates (Regular TRI)
 0.961218077502598  0.019390961248701  0.019390961248701 
 0.879757171370171  0.001268330932872  0.118974497696957 
 0.879757171370171  0.118974497696957  0.001268330932872 
 0.876400233818255  0.061799883090873  0.061799883090873 
 0.770608554774996  0.057124757403648  0.172266687821356 
 0.770608554774996  0.172266687821356  0.057124757403648 
 0.686980167808088  0.014646950055654  0.298372882136258 
 0.686980167808088  0.298372882136258  0.014646950055654 
 0.645588935174913  0.177205532412543  0.177205532412544 
 0.570222290846683  0.092916249356972  0.336861459796345 
 0.570222290846683  0.336861459796345  0.092916249356972 
 0.488963910362179  0.022072179275643  0.488963910362179 
 0.453044943382323  0.273477528308839  0.273477528308839 
 0.417644719340454  0.164710561319092  0.417644719340454 

Weights
 0.008527585185525 
 0.008677970905830 
 0.008677970905830 
 0.024999901169243 
 0.042722337771116 
 0.042722337771116 
 0.025004419126359 
 0.025004419126359 
 0.073027745871103 
 0.066807816407880 
 0.066807816407880 
 0.037903474783419 
 0.089675379523010 
 0.056791094234956 
