17 2
16 3 
1 1 

Barycentric Coordinates (Regular TRI)
 0.968376547498023  0.015811726250989  0.015811726250989 
 0.919912157726236  0.009139237037309  0.070948605236455 
 0.919912157726236  0.070948605236456  0.009139237037308 
 0.859652894200028  0.070173552899986  0.070173552899986 
 0.813292641049419  0.018638713728166  0.168068645222414 
 0.813292641049419  0.168068645222414  0.018638713728166 
 0.715222356931451  0.094242053592155  0.190535589476394 
 0.715222356931451  0.190535589476394  0.094242053592155 
 0.666975644801868  0.018376112385681  0.314648242812451 
 0.666975644801868  0.314648242812451  0.018376112385681 
 0.565252664877114  0.095796723647609  0.338950611475277 
 0.565252664877114  0.338950611475277  0.095796723647609 
 0.547242573159301  0.226378713420350  0.226378713420350 
 0.494996956769126  0.010006086461748  0.494996956769126 
 0.474170681438020  0.051658637123960  0.474170681438020 
 0.405362214133976  0.189275571732049  0.405362214133976 
 0.333333333333333  0.333333333333333  0.333333333333333 

Weights
 0.005128212102613 
 0.006979910787388 
 0.006979910787388 
 0.028483120975603 
 0.020217572943994 
 0.020217572943994 
 0.049745515777647 
 0.049745515777647 
 0.027024448871351 
 0.027024448871351 
 0.054239995988785 
 0.054239995988785 
 0.081031159462998 
 0.016582388011870 
 0.030131012193310 
 0.073982439865169 
 0.076791143519191 
