19 2
18 3 
1 1 

Barycentric Coordinates (Regular TRI)
 0.968244368030959  0.008552204200228  0.023203427768814 
 0.968244368030958  0.023203427768814  0.008552204200228 
 0.900273703270429  0.019030129743698  0.080696166985873 
 0.900273703270430  0.080696166985873  0.019030129743697 
 0.829288866826599  0.085355566586700  0.085355566586700 
 0.806621867499396  0.005936350016822  0.187441782483782 
 0.806621867499396  0.187441782483782  0.005936350016822 
 0.754170061444768  0.054755174914703  0.191074763640529 
 0.754170061444768  0.191074763640529  0.054755174914703 
 0.676162711617458  0.161918644191271  0.161918644191271 
 0.649303698245446  0.018931778280406  0.331764523474148 
 0.649303698245446  0.331764523474148  0.018931778280406 
 0.589148840564248  0.102606190239398  0.308244969196354 
 0.589148840564248  0.308244969196354  0.102606190239398 
 0.508019859065717  0.245990070467142  0.245990070467142 
 0.500000000000000 -0.000000000000000  0.500000000000000 
 0.475280727545942  0.049438544908116  0.475280727545942 
 0.415584896885421  0.168830206229159  0.415584896885421 
 0.333333333333333  0.333333333333333  0.333333333333333 

Weights
 0.002865620409526 
 0.002865620409526 
 0.013765636490562 
 0.013765636490562 
 0.025602542302391 
 0.009337809999493 
 0.009337809999493 
 0.032802050115951 
 0.032802050115951 
 0.050954180276524 
 0.025995660840952 
 0.025995660840952 
 0.055397237666941 
 0.055397237666941 
 0.071175030716410 
 0.007653146708241 
 0.044988864965344 
 0.070514963766396 
 0.078400528222413 
