13 3
7 6 
6 3 
0 1 

Barycentric Coordinates (Regular TRI)
 0.915919353297817  0.072505470799002  0.011575175903181 
 0.824790070165088  0.159192287472793  0.016017642362119 
 0.753235145936458  0.168722513495260  0.078042340568282 
 0.715072259110643  0.271791870055355  0.013135870834003 
 0.626369030386452  0.306281591746187  0.067349377867361 
 0.571294867944684  0.415475459295229  0.013229672760087 
 0.543275579596160  0.299218942476970  0.157505477926870 
 0.970489016678492  0.014755491660754  0.014755491660754 
 0.866691873040806  0.066654063479597  0.066654063479597 
 0.639283767467259  0.180358116266371  0.180358116266370 
 0.465597871618890  0.465597871618890  0.068804256762219 
 0.428586995126827  0.285706502436587  0.285706502436587 
 0.417103444361599  0.417103444361599  0.165793111276802 

Weights
 0.007940324351404 
 0.013818821314707 
 0.035607324387862 
 0.015055357146021 
 0.038949964599921 
 0.018010626322968 
 0.045330585836691 
 0.004804514218953 
 0.021579622401134 
 0.045574813059238 
 0.043334960223739 
 0.065326439018958 
 0.047303912348454 
