25 2
24 3 
1 1 

Barycentric Coordinates (Regular TRI)
 0.976721077632421  0.011639461183790  0.011639461183789 
 0.930137698876805  0.009776025800888  0.060086275322307 
 0.930137698876805  0.060086275322307  0.009776025800888 
 0.894952219297582  0.052523890351209  0.052523890351209 
 0.852566954376889  0.005007288257355  0.142425757365756 
 0.852566954376889  0.142425757365756  0.005007288257354 
 0.830156464400275  0.039145859331692  0.130697676268033 
 0.830156464400275  0.130697676268032  0.039145859331692 
 0.777102253353957  0.111448873323022  0.111448873323021 
 0.743181368957436  0.014924052081984  0.241894578960580 
 0.743181368957436  0.241894578960580  0.014924052081984 
 0.704004819966042  0.074560294601627  0.221434885432331 
 0.704004819966042  0.221434885432331  0.074560294601627 
 0.643659790436471  0.178170104781764  0.178170104781764 
 0.633313293128784  0.002068925896605  0.364617780974611 
 0.633313293128784  0.364617780974611  0.002068925896605 
 0.605083979068708  0.040888011196017  0.354028009735275 
 0.605083979068708  0.354028009735275  0.040888011196017 
 0.559369805720301  0.129312564470158  0.311317629809541 
 0.559369805720301  0.311317629809541  0.129312564470158 
 0.492512675041337  0.014974649917326  0.492512675041337 
 0.489676734172785  0.255161632913608  0.255161632913608 
 0.459194201039544  0.081611597920913  0.459194201039544 
 0.403969722551901  0.192060554896198  0.403969722551901 
 0.333333333333333  0.333333333333333  0.333333333333333 

Weights
 0.003057628740558 
 0.005762881807485 
 0.005762881807485 
 0.012313593631431 
 0.005068526438167 
 0.005068526438167 
 0.016793071735229 
 0.016793071735229 
 0.026386670113450 
 0.014646026772284 
 0.014646026772284 
 0.031363880641519 
 0.031363880641519 
 0.042698369020928 
 0.005684723342110 
 0.005684723342110 
 0.027889764019033 
 0.027889764019033 
 0.045633168257409 
 0.045633168257409 
 0.017877804330865 
 0.054997842835636 
 0.039808745666650 
 0.054624612780421 
 0.059702748129647 
