27 2
26 3 
1 1 

Barycentric Coordinates (Regular TRI)
 0.978047717943205  0.010976141028398  0.010976141028398 
 0.931054476783942  0.004854937607624  0.064090585608434 
 0.931054476783942  0.064090585608434  0.004854937607624 
 0.925378238802230  0.037310880598885  0.037310880598885 
 0.861684018936487  0.038363684775374  0.099952296288139 
 0.861684018936487  0.099952296288139  0.038363684775375 
 0.833295511838236  0.007570780504697  0.159133707657067 
 0.833295511838236  0.159133707657067  0.007570780504697 
 0.781232806576571  0.109383596711715  0.109383596711715 
 0.754921502863547  0.046560364907664  0.198518132228788 
 0.754921502863547  0.198518132228788  0.046560364907664 
 0.708681375720324  0.010737212856011  0.280581411423665 
 0.708681375720324  0.280581411423665  0.010737212856011 
 0.678165737889636  0.106227204720270  0.215607057390095 
 0.678165737889636  0.215607057390095  0.106227204720270 
 0.627410004510918  0.186294997744541  0.186294997744541 
 0.611877703547426  0.054987479142987  0.333134817309588 
 0.611877703547426  0.333134817309587  0.054987479142987 
 0.570144692890973  0.009831548292802  0.420023758816224 
 0.570144692890973  0.420023758816224  0.009831548292803 
 0.542331804172428  0.139808071991800  0.317860123835772 
 0.542331804172428  0.317860123835772  0.139808071991800 
 0.490841464653322  0.254579267673339  0.254579267673339 
 0.476245611540499  0.047508776919002  0.476245611540499 
 0.445551056955925  0.108897886088150  0.445551056955925 
 0.393425347817100  0.213149304365800  0.393425347817100 
 0.333333333333333  0.333333333333333  0.333333333333333 

Weights
 0.002767265674572 
 0.003913983113619 
 0.003913983113619 
 0.007486877640844 
 0.014361165998702 
 0.014361165998702 
 0.007631060505611 
 0.007631060505611 
 0.027124715078301 
 0.020737492986215 
 0.020737492986215 
 0.012395249225328 
 0.012395249225328 
 0.026751898229609 
 0.026751898229609 
 0.031777807905516 
 0.030024150086168 
 0.030024150086168 
 0.012802216254069 
 0.012802216254069 
 0.040501395273404 
 0.040501395273404 
 0.048785640395691 
 0.024601444503963 
 0.032744073875639 
 0.047763208453764 
 0.048186036947649 
