15 3
8 6 
6 3 
1 1 

Barycentric Coordinates (Regular TRI)
 0.972360728962796  0.027090910995162  0.000548360042042 
 0.878342189467522  0.108195793791033  0.013462016741445 
 0.770372376214675  0.183822707925464  0.045804915859861 
 0.758929479855199  0.235772184958192  0.005298335186610 
 0.670953985194235  0.206349257433838  0.122696757371928 
 0.639988092004715  0.319751624525377  0.040260283469908 
 0.600418954634257  0.395683434332270  0.003897611033473 
 0.545918775386195  0.333493529449881  0.120587695163925 
 0.922339487822629  0.038830256088686  0.038830256088685 
 0.816104515756714  0.091947742121643  0.091947742121643 
 0.515470594971456  0.242264702514272  0.242264702514272 
 0.487580301574870  0.487580301574870  0.024839396850261 
 0.461809506406449  0.461809506406449  0.076380987187101 
 0.399955628067576  0.399955628067576  0.200088743864847 
 0.333333333333333  0.333333333333333  0.333333333333333 

Weights
 0.002118208290918 
 0.011847418256526 
 0.023832354411569 
 0.008678719214270 
 0.041191477980141 
 0.030739552831474 
 0.007847115943353 
 0.044136422327457 
 0.012348354889876 
 0.028681306367529 
 0.063176708066908 
 0.020865405762967 
 0.032820927811077 
 0.057685034216987 
 0.062969980688596 
